7 46 3
-8.21429 16.4289 14.8261 14.8277 29.6516 12.7635 33.8804 0
-8.37757 16.7561 15.2246 15.2288 30.4552 12.102 -34.1565 0
-8.27361 16.5477 18.7921 18.9363 37.5675 -13.5455 38.9403 0
-8.39739 16.7959 15.2967 15.3012 30.6 12.0759 -34.2481 0
-8.2261 16.4526 15.2226 15.2251 30.4441 12.9353 34.3333 0
-8.27858 16.5577 16.2251 16.2436 32.4571 12.4095 -35.001 0
-8.25821 16.5168 20.1194 20.7145 40.6837 -13.3439 41.276 0
-8.27347 16.5475 16.7241 16.7588 33.453 12.5441 -35.6023 0
-8.27468 16.5498 15.2301 15.2326 30.4592 12.7547 34.372 0
-8.40955 16.8202 15.3246 15.3292 30.656 12.0705 -34.3065 0
-8.28196 16.5644 15.2314 15.2339 30.4619 12.7384 34.3753 0
-8.37189 16.7447 15.2118 15.216 30.4297 12.1023 -34.1287 0
-8.38206 16.7651 15.2919 15.2966 30.5905 12.0905 -34.1961 0
-8.4206 16.8424 15.4069 15.4121 30.8213 12.0522 -34.3708 0
-8.39661 16.7941 15.2672 15.2699 30.5342 12.3768 34.5409 1
-8.42989 16.8607 15.8652 15.8704 31.7284 12.5591 35.1802 1
-8.64074 17.2848 16.1276 16.1387 32.2718 11.8282 -35.4455 1
-8.47124 16.9436 16.6935 16.7066 33.38 12.745 36.1803 1
-8.68078 17.3654 16.1514 16.1615 32.3162 11.8773 -36.2536 1
-8.66511 17.3338 16.0887 16.0981 32.1897 11.8949 -36.1975 1
-8.66747 17.3386 16.1231 16.1332 32.2605 11.8557 -35.8131 1
-8.564 17.1304 16.1872 16.2012 32.3926 11.8792 -35.2042 1
-8.48917 16.9796 17.229 17.2529 34.4451 12.8731 36.8517 1
-8.41298 16.8269 15.3973 15.4004 30.7941 12.3961 34.6775 1
-8.5358 17.0736 16.6102 16.6364 33.2422 11.9671 -35.5775 1
-8.41298 16.8269 15.3973 15.4004 30.7941 12.3962 34.6775 1
-8.4485 16.898 15.7804 15.7852 31.5593 12.4738 35.0984 1
-8.63422 17.2717 16.1429 16.1544 32.303 11.8262 -35.4024 1 
-8.45251 16.9061 15.6212 15.6252 31.2416 12.3899 34.9372 1
-8.43548 16.872 15.6941 15.6984 31.3869 12.4727 34.9954 1
-8.42197 16.8449 15.4012 15.4044 30.8021 12.3696 34.6947 1
-8.64993 17.3032 16.0828 16.0927 32.1801 11.8514 -35.599 1
-8.42581 16.8526 15.4686 15.472 30.9367 12.3936 34.76 1
-8.52305 17.0475 16.8568 16.8725 33.7055 12.6745 36.3925 1
-8.62025 17.2429 19.279 19.8652 39.0077 12.5769 -39.5961 2
-8.61396 17.2301 19.3561 19.6126 38.7564 13.264 39.8446 2
-8.61717 17.237 18.0557 18.2174 36.1684 12.1474 -37.4256 2
-8.62932 17.2611 19.2802 19.8676 39.0126 12.5584 -39.599 2
-8.59126 17.1845 18.7937 18.9336 37.5707 13.1196 38.9654 2
-8.62025 17.2429 19.279 19.8652 39.0077 12.5774 -39.5961 2
-8.62932 17.2611 19.2802 19.8676 39.0126 12.5578 -39.599 2
-8.62628 17.2553 18.0603 18.2226 36.1793 12.1303 -37.4335 2
-8.63745 17.2773 20.162 20.7027 40.6797 13.5557 41.3491 2
-8.61717 17.237 18.0557 18.2174 36.1684 12.1475 -37.4256 2
-8.63636 17.2755 18.5515 18.8399 37.2292 12.2621 -38.2019 2
-8.62932 17.2611 19.2802 19.8676 39.0126 12.558 -39.599 2